    ### experiment data
    e_Eams = [0.57,0.73,0.91,1.11,1.33,1.58,1.85,2.15,2.47,2.82,3.17,3.54,3.92,4.32,4.76,5.24,5.74,6.26,6.81,7.39,7.99,8.62,9.28,
     9.96,10.7,11.4,12.2,13.0,13.8,14.7,15.6,16.5,17.5,18.5,19.5,20.6,21.7,22.8,24.0,25.2,26.6,28.0,29.4,31.0,32.7,34.4,36.3,38.3,40.5,
     42.8,45.3,47.9,50.8,53.9,57.3,61.0,65.1,69.6,74.6,80.3,86.7,94.0,103,113,125,140,159,183,216,262,327,429,589]
    e_Fams = [2.72234,9.45311,15.6743,25.0276,38.5832,54.0371,70.281,88.8491,106.991,123.117,146.852,160.59,172.878,183.011,
     194.13,204.307,209.922,215.877,219.496,222.374,222.396,224.176,222.172,221.323,219.283,217.787,216.086,213.768,209.457,208.38,
     204.627,201.247,198.833,196.28,192.045,189.697,185.973,184.897,181.094,177.633,177.295,174.299,171.278,167.425,165.388,159.574,
     161.194,158.995,155.446,157.59,151.524,151.665,149.45,146.412,143.169,143.452,139.327,132.164,135.342,131.517,132.298,129.571,
     134.405,130.149,128.711,118.541,121.394,118.28,111.862,119.419,110.142,95.5338,92.5644]
    e_Sams = [0.301472,0.62727,1.05769,1.64685,2.11737,2.76102,3.16581,3.97659,4.52328,4.93876,5.42472,5.78408,6.02363,6.44973,
     6.47101,5.75511,5.67358,6.13777,6.32432,6.06719,6.14221,6.437,6.44319,6.01006,4.90017,4.44463,5.44754,5.0959,5.0552,4.80694,
     4.99339,5.02233,4.9411,4.47714,4.51029,4.45747,4.21312,4.88686,4.37154,5.0606,4.47372,4.52551,4.50304,4.33763,4.42286,4.24999,
     4.53775,4.27868,4.20141,4.22211,4.15729,4.91498,4.14564,4.48407,4.37585,4.5679,4.44866,4.39594,4.84157,4.88474,4.69958,4.84309,
     5.46364,5.40268,5.47225,5.488,5.71305,6.06689,6.45287,7.88461,9.39534,10.6221,19.3807]
    #########################################################################################################################################
    # protpn
    # PAMELA data (Science 2011)
    p_Epa = [0.44,0.48,0.52,0.56,0.60,0.65,0.70,0.75,0.80,0.86,0.92,0.99,1.06,1.13,1.21,1.29,1.38,1.47,1.57,1.67,1.78,1.89,
     2.01,2.13,2.27,2.40,2.55,2.70,2.86,3.03,3.21,3.39,3.59,3.90,4.35,4.84,5.38,5.98,6.64,7.36,8.15,9.01,9.97,11.01,12.16,
     13.41,14.79,16.31,17.96,19.78,21.78,23.97,26.37,29.00,31.88,35.05,38.52,42.32,46.49,51.07,56.08,61.58,67.61,74.22,81.47,
     89.42,100.41,115.42,132.66,152.46,175.18,201.27,231.23,265.62,305.12,358.45,450.82,581.52,748.78,1009.40]
    p_Fpa = [1581,1549,1527,1484,1444,1402,1349,1293,1233,1171,1113,1053,996,933,871,813,758,703,652.6,601.8,555.5,510.0,472.0,
     434.3,396.5,362.4,331.5,303.2,276.0,250.2,227.0,205.8,187.2,160.7,130.2,105.3,84.8,68.0,54.48,43.33,34.40,27.28,21.62,17.00,13.35,
     10.51,8.28,6.47,5.01,3.90,3.050,2.367,1.828,1.420,1.107,0.849,0.653,0.509,0.397,0.301,0.233,0.178,0.141,0.1103,0.0831,0.0633,
     0.0459,0.0312,0.0209,0.0142,9.5e-3,6.4e-3,4.17e-3,2.97e-3,2.02e-3,1.32e-3,0.68e-3,0.38e-3,0.19e-3,0.081e-3]
    p_Spa = [60.07,60.07,60.07,60.07,60.03,50.04,50.04,50.04,50.04,40.05,40.05,40.05,40.011,40.012,30.017,30.017,30.017,30.017,
     30.013,20.016,20.016,20.012,20.012,20.009,20.009,10.012,10.012,10.008,10.008,9.009,9.009,8.006,7.006,6.003,5.004,4.001,3.0017,
     3.0017,2.0016,2.0012,1.0018,1.0012,0.801,0.6007,0.5009,0.4005,0.30067,0.30067,0.20025,0.20025,0.1004,0.09027,0.07026,0.05025,
     0.0402,0.030265,0.03015,0.020224,0.0201,0.010198,0.00922,0.007071,0.005099,0.0041,0.0031048,0.0030594,0.0020396,0.001044,0.0008544,
     0.0006325,0.00044721,0.00031623,0.00021541,0.00012207,0.00010296,6.708e-05,4.4721e-05,3.6056e-05,2.2361e-05,1.22066e-05]
    # CREAM I+III data (ApJ, 2017, 839, 5)
    p_Ecr = [1256.98    ,1991.43    ,3160.66    ,5011.37    ,7943.55    ,12569.8    ,19914.3    ,31606.6    ]#,50113.7    ,79435.5    ,125698  ,199143]
    p_Fcr = [4.07e-05   ,1.21e-05   ,3.72e-06   ,1.14e-06   ,3.46e-07   ,1.05e-07   ,3.04e-08   ,8.20e-09   ]#,2.10e-09   ,6.00e-10   ,1.70e-10  ,4.40e-11]
    p_Scr = [1.54221e-06,4.77637e-07,1.50617e-07,5.06909e-08,1.25625e-08,7.08303e-09,2.91167e-09,1.13862e-09]#,5.05638e-10,1.52217e-10,7.5358e-11,2.45746e-11]
    # AMS-02 proton data (PRL 2015, 72 points)
    p_Eams = [4.90e-01,6.18e-01,7.61e-01,9.23e-01,1.10e+00,1.30e+00,1.52e+00,1.76e+00,2.03e+00,2.33e+00,2.65e+00,3.00e+00,3.38e+00,
     3.81e+00,4.27e+00,4.77e+00,5.31e+00,5.90e+00,6.54e+00,7.23e+00,7.97e+00,8.78e+00,9.64e+00,1.06e+01,1.16e+01,1.26e+01,1.38e+01,
     1.50e+01,1.64e+01,1.78e+01,1.94e+01,2.10e+01,2.28e+01,2.48e+01,2.68e+01,2.90e+01,3.14e+01,3.39e+01,3.65e+01,3.94e+01,4.25e+01,
     4.58e+01,4.94e+01,5.32e+01,5.72e+01,6.16e+01,6.63e+01,7.13e+01,7.67e+01,8.25e+01,8.88e+01,9.55e+01,1.03e+02,1.11e+02,1.19e+02,
     1.29e+02,1.40e+02,1.52e+02,1.66e+02,1.82e+02,2.00e+02,2.21e+02,2.45e+02,2.74e+02,3.09e+02,3.53e+02,4.08e+02,4.80e+02,5.80e+02,
     7.26e+02,9.63e+02,1.43e+03]
    p_Fams = [8.31e+02,8.30e+02,7.71e+02,7.02e+02,6.24e+02,5.50e+02,4.78e+02,4.14e+02,3.54e+02,3.01e+02,2.54e+02,2.13e+02,1.77e+02,
     1.47e+02,1.20e+02,9.82e+01,7.99e+01,6.48e+01,5.24e+01,4.23e+01,3.40e+01,2.74e+01,2.20e+01,1.76e+01,1.42e+01,1.15e+01,9.28e+00,
     7.47e+00,6.00e+00,4.84e+00,3.90e+00,3.15e+00,2.54e+00,2.04e+00,1.65e+00,1.34e+00,1.08e+00,8.79e-01,7.13e-01,5.79e-01,4.72e-01,
     3.84e-01,3.13e-01,2.55e-01,2.08e-01,1.70e-01,1.39e-01,1.13e-01,9.26e-02,7.53e-02,6.15e-02,5.03e-02,4.09e-02,3.29e-02,2.70e-02,
     2.17e-02,1.73e-02,1.36e-02,1.07e-02,8.21e-03,6.30e-03,4.79e-03,3.61e-03,2.65e-03,1.88e-03,1.29e-03,8.70e-04,5.55e-04,3.36e-04,
     1.86e-04,8.57e-05,2.93e-05]
    p_Sams = [3.56e+01,2.83e+01,2.12e+01,1.75e+01,1.42e+01,1.15e+01,9.20e+00,7.36e+00,5.90e+00,4.80e+00,3.83e+00,3.09e+00,2.56e+00,
     2.04e+00,1.63e+00,1.32e+00,1.05e+00,8.38e-01,6.76e-01,5.44e-01,4.33e-01,3.42e-01,2.81e-01,2.21e-01,1.81e-01,1.50e-01,1.18e-01,
     9.52e-02,7.72e-02,6.21e-02,5.01e-02,4.11e-02,3.30e-02,2.60e-02,2.10e-02,1.70e-02,1.40e-02,1.15e-02,9.32e-03,7.62e-03,6.21e-03,
     5.12e-03,4.21e-03,3.41e-03,2.81e-03,2.31e-03,1.91e-03,1.51e-03,1.28e-03,1.05e-03,8.56e-04,7.06e-04,5.84e-04,4.75e-04,3.95e-04,
     3.24e-04,2.63e-04,2.12e-04,1.73e-04,1.35e-04,1.06e-04,8.43e-05,6.61e-05,4.98e-05,3.77e-05,2.75e-05,1.99e-05,1.37e-05,9.36e-06,
     6.08e-06,3.59e-06,1.74e-06]

    # Voyager LIS spectrum (ApJ 2016)
    p_Evy = [0.0038,0.0054,0.0069,0.0102,0.0154,0.0239,0.039,0.052,0.0791,0.1439,0.1649,0.1813,0.2041,0.2453,0.308]
    p_Fvy = [19100,21200,23700,26700,29700,29100,28300,29100,24400,19300,18200,16500,14900,12900,10400]
    p_Svy = [1351.28,1499.07,1675.86,1895.1,2107.23,2057.69,2008.18,2071.83,1753.85,1368.97,1294.02,1178.79,1059.25,914.292,738.93]
    #########################################################################################################################################
    # He
    # AMS-02 five-year data on He flux (2011.5-2016.5; corrected to LIS)
    He_Eams = [7.730e-01,8.633e-01,9.657e-01,1.082e+00,1.213e+00,1.358e+00,1.521e+00,1.699e+00,1.897e+00,2.116e+00,2.357e+00,
     2.619e+00,2.904e+00,3.216e+00,3.553e+00,3.919e+00,4.316e+00,4.743e+00,5.211e+00,5.705e+00,6.224e+00,6.794e+00,7.414e+00,
     8.084e+00,8.805e+00,9.576e+00,1.040e+01,1.129e+01,1.226e+01,1.329e+01,1.438e+01,1.556e+01,1.680e+01,1.815e+01,1.960e+01,
     2.115e+01,2.279e+01,2.457e+01,2.646e+01,2.849e+01,3.066e+01,3.301e+01,3.553e+01,3.823e+01,4.112e+01,4.425e+01,4.762e+01,
     5.136e+01,5.536e+01,5.961e+01,6.435e+01,6.983e+01,7.608e+01,8.306e+01,9.105e+01,1.000e+02,1.103e+02,1.222e+02,1.367e+02,
     1.543e+02,1.762e+02,2.038e+02,2.400e+02,2.899e+02,3.629e+02,4.813e+02,7.125e+02,1.161e+03]
    He_Fams = [3.223e+02,2.650e+02,2.153e+02,1.770e+02,1.455e+02,1.190e+02,9.702e+01,7.886e+01,6.378e+01,5.137e+01,4.121e+01,
     3.305e+01,2.648e+01,2.120e+01,1.701e+01,1.365e+01,1.098e+01,8.823e+00,7.078e+00,5.720e+00,4.634e+00,3.746e+00,3.027e+00,
     2.439e+00,1.971e+00,1.589e+00,1.288e+00,1.044e+00,8.429e-01,6.855e-01,5.572e-01,4.535e-01,3.701e-01,3.021e-01,2.459e-01,
     2.008e-01,1.649e-01,1.342e-01,1.103e-01,9.052e-02,7.423e-02,6.092e-02,5.007e-02,4.110e-02,3.365e-02,2.765e-02,2.281e-02,
     1.857e-02,1.512e-02,1.232e-02,1.002e-02,7.997e-03,6.346e-03,5.017e-03,3.886e-03,3.028e-03,2.306e-03,1.754e-03,1.297e-03,
     9.386e-04,6.623e-04,4.456e-04,2.898e-04,1.782e-04,9.730e-05,4.742e-05,1.710e-05,4.929e-06]
    He_Sams = [7.504e+00,4.424e+00,3.208e+00,2.510e+00,2.086e+00,1.700e+00,1.427e+00,1.164e+00,9.578e-01,7.484e-01,6.092e-01,
     4.827e-01,3.663e-01,2.971e-01,2.357e-01,1.871e-01,1.480e-01,1.174e-01,9.482e-02,7.541e-02,6.105e-02,4.913e-02,3.983e-02,
     3.291e-02,2.634e-02,2.119e-02,1.719e-02,1.410e-02,1.127e-02,9.302e-03,7.587e-03,6.082e-03,5.021e-03,4.177e-03,3.341e-03,
     2.761e-03,2.281e-03,1.862e-03,1.530e-03,1.260e-03,1.053e-03,8.661e-04,7.005e-04,5.758e-04,4.746e-04,3.906e-04,3.302e-04,
     2.682e-04,2.215e-04,1.801e-04,1.490e-04,1.200e-04,9.542e-05,7.677e-05,6.061e-05,4.786e-05,3.759e-05,2.997e-05,2.283e-05,
     1.741e-05,1.302e-05,9.398e-06,6.667e-06,4.543e-06,2.863e-06,1.710e-06,8.520e-07,3.954e-07]
    # CREAM I+III data (ApJ, 2017, 839, 5)
    He_Ecr = [316.067,501.137,794.355,1256.98,1991.43,3160.68,5011.38,7943.55,12569.8,19914.3,31606.8,50113.8]
    He_Fcr = [1.38e-04,4.35e-05,1.37e-05,4.31e-06,1.30e-06,3.85e-07,1.19e-07,3.60e-08,9.40e-09,3.00e-09,8.50e-10,2.20e-10]
    He_Scr = [6.98504e-06,2.2562e-06,7.29014e-07,2.4102e-07,8.04665e-08,2.88547e-08,1.1546e-08,4.45622e-09,1.76007e-09,7.1496e-10,2.18932e-10,9.5612e-11]
    # Voyager LIS spectrum (ApJ 2016)
    He_Evy = [0.0038,0.0054,0.0069,0.0102,0.0154,0.0239,0.039,0.052,0.122,0.1428,0.1724,0.216,0.2783,0.3495,0.4309,0.571]
    He_Fvy = [1530,1767,1936,2228,2475,2563,2370,2241,1746,1585,1409,1184,922.9,784.4,595.4,423.5]
    He_Svy = [110.43,127.19,139.32,166.17,183.76,185.16,170.51,166.06,124.18,113.03,100.04,84.10,65.47,55.73,42.27,30.05]
    #########################################################################################################################################
    # Li
    # AMS-02 five-year data on Li flux (2011.5-2016.5; corrected to LIS)
    Li_Eams = [7.076e-01,7.881e-01,8.796e-01,9.841e-01,1.102e+00,1.234e+00,1.381e+00,1.543e+00,1.723e+00,1.923e+00,2.143e+00,
     2.383e+00,2.645e+00,2.931e+00,3.241e+00,3.577e+00,3.942e+00,4.336e+00,4.766e+00,5.222e+00,5.700e+00,6.225e+00,6.796e+00,
     7.414e+00,8.079e+00,8.790e+00,9.548e+00,1.037e+01,1.127e+01,1.221e+01,1.323e+01,1.431e+01,1.546e+01,1.670e+01,1.804e+01,
     1.947e+01,2.099e+01,2.262e+01,2.438e+01,2.624e+01,2.825e+01,3.041e+01,3.274e+01,3.523e+01,3.791e+01,4.079e+01,4.390e+01,
     4.735e+01,5.105e+01,5.497e+01,5.934e+01,6.441e+01,7.017e+01,7.662e+01,8.399e+01,9.228e+01,1.017e+02,1.128e+02,1.261e+02,
     1.424e+02,1.626e+02,1.881e+02,2.215e+02,2.711e+02,3.511e+02,4.930e+02,9.553e+02]
    Li_Fams = [1.543e+00,1.408e+00,1.254e+00,1.093e+00,9.361e-01,7.840e-01,6.493e-01,5.378e-01,4.405e-01,3.595e-01,2.910e-01,
     2.340e-01,1.883e-01,1.501e-01,1.194e-01,9.507e-02,7.558e-02,5.976e-02,4.687e-02,3.763e-02,2.973e-02,2.382e-02,1.882e-02,
     1.476e-02,1.172e-02,9.259e-03,7.381e-03,5.856e-03,4.596e-03,3.663e-03,2.940e-03,2.308e-03,1.831e-03,1.449e-03,1.165e-03,
     9.221e-04,7.464e-04,5.738e-04,4.633e-04,3.685e-04,2.998e-04,2.345e-04,1.887e-04,1.472e-04,1.175e-04,9.648e-05,7.270e-05,
     5.888e-05,4.454e-05,3.511e-05,2.827e-05,2.341e-05,1.819e-05,1.398e-05,1.019e-05,7.549e-06,5.542e-06,4.500e-06,2.783e-06,
     2.029e-06,1.558e-06,1.081e-06,4.787e-07,3.416e-07,1.555e-07,5.949e-08,1.127e-08]
    Li_Sams = [5.057e-02,4.236e-02,3.602e-02,3.067e-02,2.593e-02,2.168e-02,1.770e-02,1.461e-02,1.189e-02,9.775e-03,7.829e-03,
     6.304e-03,5.064e-03,4.046e-03,3.219e-03,2.546e-03,2.032e-03,1.616e-03,1.266e-03,1.026e-03,7.948e-04,6.456e-04,5.120e-04,
     4.020e-04,3.204e-04,2.541e-04,2.029e-04,1.614e-04,1.254e-04,1.015e-04,8.011e-05,6.389e-05,5.135e-05,4.083e-05,3.319e-05,
     2.667e-05,2.175e-05,1.707e-05,1.403e-05,1.133e-05,9.324e-06,7.440e-06,6.173e-06,4.964e-06,4.095e-06,3.434e-06,2.712e-06,
     2.240e-06,1.815e-06,1.488e-06,1.240e-06,1.038e-06,8.424e-07,6.756e-07,5.253e-07,4.165e-07,3.253e-07,2.701e-07,1.867e-07,
     1.431e-07,1.130e-07,8.370e-08,4.590e-08,3.223e-08,1.739e-08,8.211e-09,3.001e-09]
    # Voyager Lithium flux (LIS spectrum)
    Li_Evy = [0.0403,0.0503,0.0644,0.0804]
    Li_Fvy = [2.08,2.66,1.93,2.38]
    Li_Svy = [0.488206,0.493269,0.383295,0.479985]
    #########################################################################################################################################
    # Be
    # AMS-02 five-year data on beryllium flux (2011.5-2016.5; corrected to LIS)
    Be_Eams = [7.918e-01,8.822e-01,9.845e-01,1.101e+00,1.232e+00,1.377e+00,1.539e+00,1.718e+00,1.916e+00,2.135e+00,2.376e+00,
     2.638e+00,2.923e+00,3.235e+00,3.572e+00,3.938e+00,4.335e+00,4.762e+00,5.230e+00,5.724e+00,6.243e+00,6.813e+00,7.433e+00,
     8.103e+00,8.823e+00,9.595e+00,1.042e+01,1.131e+01,1.228e+01,1.331e+01,1.440e+01,1.558e+01,1.682e+01,1.817e+01,1.962e+01,
     2.116e+01,2.281e+01,2.458e+01,2.648e+01,2.851e+01,3.068e+01,3.302e+01,3.555e+01,3.825e+01,4.114e+01,4.426e+01,4.764e+01,
     5.138e+01,5.538e+01,5.962e+01,6.437e+01,6.985e+01,7.610e+01,8.308e+01,9.107e+01,1.001e+02,1.103e+02,1.222e+02,1.367e+02,
     1.544e+02,1.762e+02,2.038e+02,2.400e+02,2.937e+02,3.805e+02,5.342e+02]#,1.035e+03]
    Be_Fams = [7.483e-01,6.571e-01,5.549e-01,4.788e-01,4.124e-01,3.415e-01,2.843e-01,2.326e-01,1.907e-01,1.563e-01,1.253e-01,
     1.011e-01,8.098e-02,6.439e-02,5.051e-02,4.063e-02,3.239e-02,2.562e-02,1.998e-02,1.626e-02,1.290e-02,1.024e-02,8.156e-03,
     6.598e-03,5.157e-03,4.152e-03,3.333e-03,2.615e-03,2.044e-03,1.638e-03,1.318e-03,1.069e-03,8.429e-04,6.771e-04,5.403e-04,
     4.205e-04,3.443e-04,2.717e-04,2.170e-04,1.743e-04,1.417e-04,1.077e-04,9.018e-05,6.820e-05,5.721e-05,4.805e-05,3.705e-05,
     2.842e-05,2.288e-05,1.792e-05,1.275e-05,1.133e-05,7.819e-06,6.671e-06,4.337e-06,3.212e-06,2.904e-06,2.042e-06,1.500e-06,
     9.605e-07,6.176e-07,4.804e-07,2.469e-07,1.552e-07,7.219e-08,2.503e-08]#,2.802e-09]
    Be_Sams = [2.587e-02,2.170e-02,1.764e-02,1.475e-02,1.246e-02,1.022e-02,8.307e-03,6.746e-03,5.471e-03,4.445e-03,3.547e-03,
     2.870e-03,2.299e-03,1.812e-03,1.425e-03,1.151e-03,9.184e-04,7.132e-04,5.666e-04,4.615e-04,3.681e-04,2.943e-04,2.350e-04,
     1.908e-04,1.496e-04,1.219e-04,9.685e-05,7.612e-05,6.058e-05,4.891e-05,3.948e-05,3.249e-05,2.588e-05,2.121e-05,1.706e-05,
     1.360e-05,1.136e-05,9.141e-06,7.576e-06,6.260e-06,5.210e-06,4.141e-06,3.546e-06,2.840e-06,2.446e-06,2.097e-06,1.709e-06,
     1.379e-06,1.180e-06,9.681e-07,7.511e-07,6.505e-07,4.999e-07,4.296e-07,3.145e-07,2.516e-07,2.227e-07,1.702e-07,1.310e-07,
     9.363e-08,6.654e-08,5.279e-08,3.220e-08,2.099e-08,1.165e-08,5.280e-09]#,1.476e-09]
    # Voyager beryllium flux (LIS spectrum)
    Be_Evy = [0.06125,0.09585]
    Be_Fvy = [0.898,1.2]
    Be_Svy = [0.187457,0.204949]
    #########################################################################################################################################
    # B
    # AMS-02 five-year data on Boron flux (2011.5-2016.5; corrected to LIS)
    B_Eams = [7.219e-01,8.038e-01,8.969e-01,1.003e+00,1.123e+00,1.257e+00,1.406e+00,1.571e+00,1.754e+00,1.957e+00,2.180e+00,
     2.423e+00,2.688e+00,2.978e+00,3.292e+00,3.633e+00,4.003e+00,4.401e+00,4.837e+00,5.299e+00,5.783e+00,6.314e+00,6.893e+00,
     7.519e+00,8.192e+00,8.912e+00,9.679e+00,1.052e+01,1.142e+01,1.238e+01,1.340e+01,1.450e+01,1.566e+01,1.692e+01,1.828e+01,
     1.972e+01,2.126e+01,2.292e+01,2.469e+01,2.658e+01,2.861e+01,3.081e+01,3.316e+01,3.568e+01,3.839e+01,4.131e+01,4.446e+01,
     4.796e+01,5.170e+01,5.566e+01,6.010e+01,6.522e+01,7.106e+01,7.759e+01,8.505e+01,9.345e+01,1.030e+02,1.142e+02,1.277e+02,
     1.442e+02,1.646e+02,1.904e+02,2.242e+02,2.745e+02,3.555e+02,4.992e+02,9.673e+02]
    B_Fams = [2.585e+00,2.322e+00,2.050e+00,1.726e+00,1.433e+00,1.186e+00,9.754e-01,7.956e-01,6.365e-01,5.166e-01,4.114e-01,
     3.276e-01,2.605e-01,2.057e-01,1.629e-01,1.293e-01,1.022e-01,8.142e-02,6.378e-02,5.092e-02,4.041e-02,3.216e-02,2.565e-02,
     2.005e-02,1.615e-02,1.274e-02,1.009e-02,7.995e-03,6.366e-03,5.121e-03,3.960e-03,3.144e-03,2.543e-03,2.008e-03,1.566e-03,
     1.264e-03,1.030e-03,7.982e-04,6.452e-04,5.136e-04,4.065e-04,3.232e-04,2.579e-04,2.104e-04,1.676e-04,1.369e-04,1.054e-04,
     8.215e-05,6.425e-05,5.476e-05,4.073e-05,3.199e-05,2.337e-05,1.885e-05,1.511e-05,1.094e-05,8.194e-06,6.151e-06,3.990e-06,
     3.059e-06,1.905e-06,1.291e-06,8.297e-07,4.962e-07,2.161e-07,9.469e-08,1.129e-08]
    B_Sams = [1.488e-01,1.188e-01,9.443e-02,7.201e-02,5.459e-02,4.194e-02,3.189e-02,2.444e-02,1.881e-02,1.466e-02,1.118e-02,
     8.538e-03,6.756e-03,5.240e-03,4.096e-03,3.212e-03,2.523e-03,2.009e-03,1.562e-03,1.252e-03,9.977e-04,7.967e-04,6.233e-04,
     4.928e-04,3.979e-04,3.158e-04,2.511e-04,1.984e-04,1.605e-04,1.302e-04,9.973e-05,8.148e-05,6.497e-05,5.283e-05,4.208e-05,
     3.428e-05,2.836e-05,2.261e-05,1.849e-05,1.501e-05,1.224e-05,9.874e-06,8.310e-06,6.844e-06,5.609e-06,4.697e-06,3.779e-06,
     3.067e-06,2.539e-06,2.182e-06,1.716e-06,1.377e-06,1.084e-06,8.957e-07,7.397e-07,5.770e-07,4.581e-07,3.604e-07,2.583e-07,
     2.048e-07,1.415e-07,1.030e-07,7.203e-08,4.630e-08,2.441e-08,1.307e-08,3.329e-09]
    # ACE Boron flux (2011.5-2016.5; corrected to LIS)
    B_Eace = [3.848e-01,4.049e-01,4.272e-01,4.463e-01,4.634e-01,4.792e-01,4.938e-01]
    B_Face = [4.507e+00,4.084e+00,4.041e+00,3.922e+00,3.799e+00,3.655e+00,3.579e+00]
    B_Sace = [1.427e-01,1.289e-01,1.334e-01,1.383e-01,1.456e-01,1.510e-01,1.635e-01]
    # Voyager Boron flux (LIS spectrum)
    B_Evy = [0.00875,0.024   ,0.0395  ,0.05205 ,0.058   ,0.0661  ,0.08    ,0.0846  ,0.10615]
    B_Fvy = [2.14   ,4.03    ,4.28    ,5.54    ,5.95    ,5.57    ,5.24    ,5.9     ,5.7]
    B_Svy = [0.39574,0.538889,0.530114,0.736107,0.655637,0.693188,0.598405,0.693836,0.715235]
    #########################################################################################################################################
    # C
    # AMS-02 five-year data on Carbon flux (2011.5-2016.5; corrected to LIS)
    C_Eams = [7.927e-01,8.830e-01,9.854e-01,1.102e+00,1.233e+00,1.378e+00,1.540e+00,1.719e+00,1.917e+00,2.136e+00,2.377e+00,
     2.638e+00,2.924e+00,3.236e+00,3.573e+00,3.939e+00,4.336e+00,4.763e+00,5.231e+00,5.725e+00,6.244e+00,6.814e+00,7.433e+00,
     8.104e+00,8.824e+00,9.595e+00,1.042e+01,1.131e+01,1.228e+01,1.331e+01,1.440e+01,1.558e+01,1.682e+01,1.817e+01,1.962e+01,
     2.117e+01,2.281e+01,2.459e+01,2.648e+01,2.851e+01,3.068e+01,3.303e+01,3.555e+01,3.825e+01,4.114e+01,4.427e+01,4.764e+01,
     5.138e+01,5.538e+01,5.963e+01,6.437e+01,6.985e+01,7.610e+01,8.308e+01,9.107e+01,1.001e+02,1.103e+02,1.222e+02,1.367e+02,
     1.544e+02,1.762e+02,2.038e+02,2.400e+02,2.899e+02,3.629e+02,4.813e+02,7.125e+02,1.161e+03]
    C_Fams = [8.002e+00,7.069e+00,6.099e+00,5.071e+00,4.117e+00,3.349e+00,2.717e+00,2.230e+00,1.824e+00,1.493e+00,1.212e+00,
     9.846e-01,7.980e-01,6.424e-01,5.197e-01,4.179e-01,3.358e-01,2.701e-01,2.165e-01,1.753e-01,1.425e-01,1.153e-01,9.378e-02,
     7.577e-02,6.160e-02,5.038e-02,4.093e-02,3.325e-02,2.693e-02,2.193e-02,1.786e-02,1.460e-02,1.197e-02,9.798e-03,8.051e-03,
     6.522e-03,5.342e-03,4.458e-03,3.624e-03,2.988e-03,2.445e-03,1.986e-03,1.632e-03,1.350e-03,1.097e-03,9.098e-04,7.365e-04,
     6.059e-04,4.885e-04,4.057e-04,3.239e-04,2.600e-04,2.024e-04,1.606e-04,1.262e-04,9.592e-05,7.545e-05,5.765e-05,4.376e-05,
     3.086e-05,2.227e-05,1.434e-05,9.800e-06,5.916e-06,3.252e-06,1.514e-06,5.571e-07,1.733e-07]
    C_Sams = [2.863e-01,2.121e-01,1.716e-01,1.353e-01,1.053e-01,8.414e-02,6.679e-02,5.390e-02,4.368e-02,3.536e-02,2.834e-02,
     2.296e-02,1.848e-02,1.477e-02,1.200e-02,9.615e-03,7.790e-03,6.283e-03,5.008e-03,4.043e-03,3.306e-03,2.674e-03,2.166e-03,
     1.754e-03,1.437e-03,1.169e-03,9.685e-04,7.707e-04,6.408e-04,5.098e-04,4.231e-04,3.482e-04,2.863e-04,2.351e-04,1.949e-04,
     1.594e-04,1.298e-04,1.090e-04,9.021e-05,7.315e-05,6.104e-05,4.994e-05,4.145e-05,3.453e-05,2.814e-05,2.353e-05,1.938e-05,
     1.596e-05,1.313e-05,1.101e-05,8.898e-06,7.165e-06,5.698e-06,4.505e-06,3.606e-06,2.801e-06,2.251e-06,1.755e-06,1.377e-06,
     9.993e-07,7.646e-07,5.221e-07,3.836e-07,2.602e-07,1.685e-07,9.593e-08,5.034e-08,2.217e-08]
    # ACE Carbon flux (2011.5-2016.5; corrected to LIS)
    C_Eace = [4.163e-01,4.395e-01,4.653e-01,4.873e-01,5.071e-01,5.254e-01,5.425e-01]
    C_Face = [1.704e+01,1.624e+01,1.578e+01,1.494e+01,1.445e+01,1.399e+01,1.324e+01]
    C_Sace = [5.323e-01,5.143e-01,5.246e-01,5.325e-01,5.505e-01,5.869e-01,6.163e-01]
    # Voyager Carbon flux (LIS spectrum)
    C_Evy = [0.0059 ,0.00715,0.0091 ,0.01235,0.028  ,0.046  ,0.0623 ,0.068  ,0.0775 ,0.093  ,0.09925,0.12425]
    C_Fvy = [17.9   ,13.8   ,14.7   ,20.2   ,32.4   ,34.2   ,38.9   ,38.8   ,41.1   ,38.3   ,38.9   ,33.9]
    C_Svy = [3.16901,2.29643,1.99103,2.09022,2.59717,2.72369,3.23402,3.00128,3.24711,2.95025,3.046  ,2.75045]
    #########################################################################################################################################
    # O
    # AMS-02 five-year data on Carbon flux (2011.5-2016.5; corrected to LIS)
    O_Eams = [8.830e-01,9.854e-01,1.102e+00,1.233e+00,1.378e+00,1.540e+00,1.719e+00,1.917e+00,2.136e+00,2.377e+00,2.638e+00,
     2.924e+00,3.236e+00,3.573e+00,3.939e+00,4.336e+00,4.763e+00,5.231e+00,5.725e+00,6.244e+00,6.814e+00,7.433e+00,8.104e+00,
     8.824e+00,9.595e+00,1.042e+01,1.131e+01,1.228e+01,1.331e+01,1.440e+01,1.558e+01,1.682e+01,1.817e+01,1.962e+01,2.117e+01,
     2.281e+01,2.459e+01,2.648e+01,2.851e+01,3.068e+01,3.303e+01,3.555e+01,3.825e+01,4.114e+01,4.427e+01,4.764e+01,5.138e+01,
     5.538e+01,5.963e+01,6.437e+01,6.985e+01,7.610e+01,8.308e+01,9.107e+01,1.001e+02,1.103e+02,1.222e+02,1.367e+02,1.544e+02,
     1.762e+02,2.038e+02,2.400e+02,2.899e+02,3.629e+02,4.813e+02,7.125e+02,1.161e+03]
    O_Fams = [6.785e+00,5.674e+00,4.713e+00,3.897e+00,3.192e+00,2.611e+00,2.128e+00,1.738e+00,1.414e+00,1.148e+00,9.314e-01,
     7.536e-01,6.080e-01,4.937e-01,4.000e-01,3.238e-01,2.616e-01,2.119e-01,1.731e-01,1.415e-01,1.146e-01,9.411e-02,7.662e-02,
     6.264e-02,5.118e-02,4.178e-02,3.429e-02,2.791e-02,2.277e-02,1.873e-02,1.540e-02,1.265e-02,1.037e-02,8.451e-03,6.970e-03,
     5.738e-03,4.760e-03,3.919e-03,3.191e-03,2.639e-03,2.173e-03,1.756e-03,1.458e-03,1.207e-03,9.796e-04,8.000e-04,6.570e-04,
     5.420e-04,4.415e-04,3.601e-04,2.927e-04,2.265e-04,1.796e-04,1.418e-04,1.124e-04,8.431e-05,6.376e-05,4.764e-05,3.423e-05,
     2.456e-05,1.650e-05,1.054e-05,6.259e-06,3.507e-06,1.738e-06,6.594e-07,1.933e-07]
    O_Sams = [2.359e-01,1.838e-01,1.465e-01,1.157e-01,9.235e-02,7.364e-02,5.923e-02,4.791e-02,3.861e-02,3.126e-02,2.526e-02,
     2.047e-02,1.648e-02,1.345e-02,1.080e-02,8.737e-03,7.202e-03,5.758e-03,4.718e-03,3.863e-03,3.136e-03,2.582e-03,2.102e-03,
     1.719e-03,1.406e-03,1.162e-03,9.420e-04,7.667e-04,6.354e-04,5.239e-04,4.317e-04,3.571e-04,2.933e-04,2.406e-04,1.985e-04,
     1.648e-04,1.377e-04,1.148e-04,9.367e-05,7.704e-05,6.449e-05,5.261e-05,4.412e-05,3.685e-05,3.021e-05,2.481e-05,2.061e-05,
     1.736e-05,1.421e-05,1.170e-05,9.582e-06,7.536e-06,6.107e-06,4.899e-06,3.957e-06,3.039e-06,2.351e-06,1.808e-06,1.348e-06,
     9.971e-07,7.180e-07,4.925e-07,3.228e-07,2.071e-07,1.217e-07,6.318e-08,2.588e-08]
    # ACE Carbon flux (2011.5-2016.5; corrected to LIS)
    O_Eace = [4.284e-01,4.558e-01,4.864e-01,5.127e-01,5.364e-01,5.583e-01,5.788e-01]
    O_Face = [1.646e+01,1.570e+01,1.496e+01,1.397e+01,1.345e+01,1.281e+01,1.189e+01]
    O_Sace = [5.071e-01,4.921e-01,4.820e-01,4.651e-01,4.688e-01,4.623e-01,4.432e-01]
    # Voyager Oxygen flux (LIS spectrum)
    O_Evy = [0.0078 ,0.00955,0.01225,0.01545,0.01935,0.0261 ,0.0383 ,0.056  ,0.07275,0.08   ,0.09115,0.1095 ,0.1169,0.1458]
    O_Fvy = [20.2   ,16.6   ,21.4   ,26.9   ,28.6   ,30.0   ,33.9   ,33.7   ,36.0   ,38.2   ,38.8   ,35.3   ,34.8  ,34.7]
    O_Svy = [2.97659,2.25807,2.31244,2.77498,2.9498 ,2.63797,2.72685,2.63501,2.93639,2.90589,3.02424,2.71708,2.7195,2.7674]
    #########################################################################################################################################